47
6 1188 1004
2 654 844
3 1368 632
4 789 1346
5 1507 1578
7 237 345
7 405 283
8 571 263
7 747 183
7 1155 289
7 1320 365
7 1482 296
8 1660 268
7 1778 448
7 898 452
7 533 490
7 334 558
7 258 644
8 211 734
7 424 748
9 673 755
7 1110 647
7 1577 848
7 286 923
8 164 1003
8 224 1162
8 460 1072
7 158 1269
8 666 1215
9 368 1345
7 241 1445
8 377 1563
9 328 1690
8 522 1668
9 412 1824
7 333 1941
8 748 1709
9 673 1931
8 1111 1448
9 940 1801
9 1548 1219
8 1380 1454
9 1818 1363
9 1188 1852
9 1389 1887
9 1699 1768
8 1581 1966