#background
Paris.png
#number of outfits
1
#list filename, angle count, clothing count
Elf.png 4 10
#
Hat
Hair
Earrings
Necklace
InnrUppr
OutrUppr
InnrLwr
OutrLwr
Socks
Shoes
#
0 -70 100 140 0 0 100 140
0 0 140 140 0 250 140 140
0 40 80 40 0 500 80 40
0 40 60 60 0 750 60 60
0 20 160 160 0 1000 160 160
0 20 90 120 0 1250 90 120
-10 0 80 160 0 1500 80 160
0 0 100 150 0 1750 100 150
-10 0 100 40 0 2000 100 40
-10 0 120 40 0 2250 120 40
#
0 0 250 250 250 0 256 256
0 0 250 250 250 250 256 256
0 0 250 250 250 500 256 256
0 0 250 250 250 750 256 256
0 0 250 250 250 1000 256 256
0 0 250 250 250 1250 256 256
0 0 250 250 250 1500 256 256
0 0 250 250 250 1750 256 256
0 0 250 250 250 2000 256 256
0 0 250 250 250 2250 256 256
#
0 0 250 250 500 0 256 256
0 0 250 250 500 250 256 256
0 0 250 250 500 500 256 256
0 0 250 250 500 750 256 256
0 0 250 250 500 1000 256 256
0 0 250 250 500 1250 256 256
0 0 250 250 500 1500 256 256
0 0 250 250 500 1750 256 256
0 0 250 250 500 2000 256 256
0 0 250 250 500 2250 256 256
#
0 0 250 250 750 0 256 256
0 0 250 250 750 250 256 256
0 0 250 250 750 500 256 256
0 0 250 250 750 750 256 256
0 0 250 250 750 1000 256 256
0 0 250 250 750 1250 256 256
0 0 250 250 750 1500 256 256
0 0 250 250 750 1750 256 256
0 0 250 250 750 2000 256 256
0 0 250 250 750 2250 256 256